[General]
image_width = 1280
image_height = 720

[RGB_Intrinsics]
fx = 925.9777221679688
fy = 926.27978515625
cx = 644.3920288085938
cy = 366.6578369140625

[Depth_Intrinsics]
fx = 644.1875
fy = 644.1875
cx = 633.2278442382812
cy = 350.56097412109375

[IR_Left_Intrinsics]
fx = 644.1875
fy = 644.1875
cx = 633.2278442382812
cy = 350.56097412109375

[IR_Right_Intrinsics]
fx = 644.1875
fy = 644.1875
cx = 633.2278442382812
cy = 350.56097412109375

[IR_L2R_Rotation]
r00 = 1.0
r01 = 0.0
r02 = 0.0
r10 = 0.0
r11 = 1.0
r12 = 0.0
r20 = 0.0
r21 = 0.0
r22 = 1.0

[IR_L2R_Translation]
tx = -0.05007561668753624
ty = 0.0
tz = 0.0

[IR_L2C_Rotation]
r00 = 0.9998295307159424
r01 = 0.018117543309926987
r02 = -0.003564218059182167
r10 = -0.01809915527701378
r11 = 0.9998230338096619
r12 = 0.005125424824655056
r20 = 0.003656447632238269
r21 = -0.005060041788965464
r22 = 0.9999805092811584

[IR_L2C_Translation]
tx = 0.014876285567879677
ty = 0.00025648181326687336
tz = -0.00015351088950410485
